object Form1: TForm1
  Width = 640
  Height = 480
  object WebLabel1: TWebLabel
    Left = 272
    Top = 136
    Width = 46
    Height = 13
    Caption = 'Bloggable'
    HeightPercent = 100.000000000000000000
    WidthPercent = 100.000000000000000000
  end
end
